 1 
 100 5 0 
 504 803 667 1103 834 585 811 
 856 690 832 846 813 868 793 
 825 1002 860 615 540 797 616 
 660 707 866 647 746 1006 608 
 877 900 573 788 484 853 942 
 630 591 630 640 1169 932 1034 
 957 798 669 625 467 1051 552 
 717 654 388 559 555 1104 783 
 959 668 507 855 986 831 821 
 825 868 852 832 828 799 686 
 510 671 575 740 510 675 996 
 636 826 1022 1140 654 909 799 
 1162 653 814 625 599 476 767 
 954 906 904 649 873 565 853 
 1008 632 
 42 41 523 215 819 551 69 
 193 582 375 367 478 162 898 
 550 553 298 577 493 183 260 
 224 852 394 958 282 402 604 
 164 308 218 61 273 772 191 
 117 276 877 415 873 902 465 
 320 870 244 781 86 622 665 
 155 680 101 665 227 597 354 
 597 79 162 998 849 136 112 
 751 735 884 71 449 266 420 
 797 945 746 46 44 545 882 
 72 383 714 987 183 731 301 
 718 91 109 567 708 507 983 
 808 766 615 554 282 995 946 
 651 298 
 509 883 229 569 706 639 114 
 727 491 481 681 948 687 941 
 350 253 573 40 124 384 660 
 951 739 329 146 593 658 816 
 638 717 779 289 430 851 937 
 289 159 260 930 248 656 833 
 892 60 278 741 297 967 86 
 249 354 614 836 290 893 857 
 158 869 206 504 799 758 431 
 580 780 788 583 641 32 653 
 252 709 129 368 440 314 287 
 854 460 594 512 239 719 751 
 708 670 269 832 137 356 960 
 651 398 893 407 477 552 805 
 881 850 
 806 361 199 781 596 669 957 
 358 259 888 319 751 275 177 
 883 749 229 265 282 694 819 
 77 190 551 140 442 867 283 
 137 359 445 58 440 192 485 
 744 844 969 50 833 57 877 
 482 732 968 113 486 710 439 
 747 174 260 877 474 841 422 
 280 684 330 910 791 322 404 
 403 519 148 948 414 894 147 
 73 297 97 651 380 67 582 
 973 143 732 624 518 847 113 
 382 97 905 398 859 4 142 
 110 11 213 398 173 106 331 
 254 447 
 404 197 817 1000 44 307 39 
 659 46 334 448 599 931 776 
 263 980 807 378 278 841 700 
 210 542 636 388 129 203 110 
 817 502 657 804 662 989 585 
 645 113 436 610 948 919 115 
 967 13 445 449 740 592 327 
 167 368 335 179 909 825 614 
 987 350 179 415 821 525 774 
 283 427 275 659 392 73 896 
 68 982 697 421 246 672 649 
 731 191 514 983 886 95 846 
 689 206 417 14 735 267 822 
 977 302 687 118 990 323 993 
 525 322 
 475 36 287 577 45 700 803 
 654 196 844 657 387 518 143 
 515 335 942 701 332 803 265 
 922 908 139 995 845 487 100 
 447 653 649 738 424 475 425 
 926 795 47 136 801 904 740 
 768 460 76 660 500 915 897 
 25 716 557 72 696 653 933 
 420 582 810 861 758 647 237 
 631 271 91 75 756 409 440 
 483 336 765 637 981 980 202 
 35 594 689 602 76 767 693 
 893 160 785 311 417 748 375 
 362 617 553 474 915 457 261 
 350 635 
 11927 13727 11551 13056 13460 
 100 5 0 
 869 1043 829 813 683 548 658 
 785 733 751 891 549 365 633 
 691 583 693 625 880 544 1038 
 525 706 557 974 802 460 813 
 1126 698 550 895 807 844 802 
 966 838 1075 332 678 440 644 
 700 546 500 782 965 1054 854 
 1053 721 572 773 853 840 849 
 715 1032 762 779 780 685 572 
 737 931 945 828 978 965 701 
 431 862 719 877 838 813 275 
 802 754 547 1039 940 730 1195 
 871 560 627 503 523 906 612 
 857 660 890 864 976 840 569 
 702 977 
 523 940 933 411 125 834 298 
 671 664 901 236 382 381 789 
 613 954 637 438 911 459 630 
 722 929 225 463 702 870 787 
 577 119 835 795 313 938 239 
 751 736 447 81 984 529 683 
 67 55 21 192 776 797 248 
 253 405 600 706 188 882 28 
 165 912 368 896 825 235 72 
 739 873 169 408 986 474 838 
 108 331 361 360 790 206 258 
 331 117 208 865 521 214 607 
 625 126 549 429 541 636 26 
 366 194 476 956 568 520 159 
 879 404 
 524 304 525 400 928 370 589 
 986 933 168 661 28 349 864 
 305 74 692 502 177 461 752 
 562 708 733 956 858 535 848 
 592 701 219 597 774 716 450 
 871 84 881 239 83 285 309 
 713 16 47 475 541 592 610 
 165 990 378 45 642 870 605 
 856 812 833 837 512 83 54 
 998 743 668 748 809 704 630 
 414 25 723 10 479 923 156 
 505 844 897 483 611 956 590 
 452 323 328 199 501 883 81 
 14 953 88 134 573 887 326 
 491 269 
 441 777 73 948 126 873 984 
 192 590 139 260 494 352 215 
 786 264 486 318 489 266 668 
 263 489 11 139 301 37 132 
 831 738 727 459 737 818 304 
 988 702 144 156 180 885 289 
 199 493 657 234 866 952 50 
 834 891 398 604 791 8 917 
 76 266 233 322 830 370 248 
 579 120 976 554 890 364 488 
 435 704 56 435 891 776 5 
 804 858 198 993 344 124 955 
 885 884 565 42 94 558 19 
 328 77 564 54 749 597 973 
 633 469 
 959 912 469 37 671 16 465 
 366 172 940 636 467 250 120 
 678 210 328 910 529 620 1 
 18 284 940 931 8 121 10 
 728 790 171 613 200 73 882 
 138 83 969 105 55 335 75 
 46 909 774 858 863 665 845 
 812 549 338 460 214 42 952 
 152 808 169 161 162 446 162 
 514 502 507 578 655 963 29 
 356 939 605 217 145 670 604 
 821 121 434 818 720 711 804 
 615 745 134 835 205 946 894 
 385 491 915 956 204 449 862 
 596 460 
 1000 430 888 258 727 557 270 
 509 493 538 178 468 266 104 
 848 850 931 477 528 525 882 
 287 200 93 697 974 498 20 
 490 969 26 578 897 130 198 
 253 916 864 891 714 48 497 
 963 255 370 84 769 765 656 
 767 16 334 749 806 966 378 
 247 126 860 601 545 5 163 
 487 447 889 910 771 485 626 
 65 958 893 985 156 892 253 
 661 720 988 588 474 518 878 
 705 664 818 793 154 676 170 
 963 165 25 742 661 689 429 
 703 964 
 12841 13172 12088 12269 13839 
